"","Sesn","locn","block","rep","tillage","ferT","Plants_harvested","No_bigtubers","Weigh_bigtubers","No_mediumtubers","Weight_mediumtubers","No_smalltubers","Weight_smalltubers","Totaltuberno","AV_tubers_Plant","Total_tubweight","plotsize","HEC","TotalWeightperhectare","TotalTuberperHectare"
"1",2,1,1,1,"conv","F2150",28,0,0,61,2.5,319,4.7,380,13.57142857,7.2,5.3,10000,13584.90566,716981.1321
"2",2,1,1,1,"conv","F1100",28,0,0,110,4.6,260,4,370,13.21428571,8.6,5.3,10000,16226.41509,698113.2075
"3",2,1,1,1,"conv","F3200",28,2,0.2,115,5.2,319,4.4,436,15.57142857,9.8,5.3,10000,18490.56604,822641.5094
"4",2,1,1,1,"conv","F5300",28,6,0.7,60,2.7,303,4.8,369,13.17857143,8.2,5.3,10000,15471.69811,696226.4151
"5",2,1,1,1,"conv","F4250",28,3,0.3,82,3.4,332,4.7,417,14.89285714,8.4,5.3,10000,15849.0566,786792.4528
"6",2,1,2,2,"conv","F5300",28,6,0.5,65,2.7,299,4.5,370,13.21428571,7.7,5.3,10000,14528.30189,698113.2075
"7",2,1,2,2,"conv","F3200",28,0,0,91,3.9,289,4.8,380,13.57142857,8.7,5.3,10000,16415.09434,716981.1321
"8",2,1,2,2,"conv","F4250",28,0,0,72,3.5,246,4.6,318,11.35714286,8.1,5.3,10000,15283.01887,6e+05
"9",2,1,2,2,"conv","F1100",28,1,0.2,64,2.6,305,5.4,370,13.21428571,8.2,5.3,10000,15471.69811,698113.2075
"10",2,1,2,2,"conv","F2150",28,1,0.1,56,2.5,308,4.5,365,13.03571429,7.1,5.3,10000,13396.22642,688679.2453
"11",2,1,3,3,"conv","F4250",28,4,0.5,63,3,376,5,443,15.82142857,8.5,5.3,10000,16037.73585,835849.0566
"12",2,1,3,3,"conv","F5300",28,3,0.3,97,4.5,290,4.8,390,13.92857143,9.6,5.3,10000,18113.20755,735849.0566
"13",2,1,3,3,"conv","F2150",28,3,0.3,59,2.7,286,4.7,348,12.42857143,7.7,5.3,10000,14528.30189,656603.7736
"14",2,1,3,3,"conv","F3200",28,0,0,81,3.3,138,3.9,219,7.821428571,7.2,5.3,10000,13584.90566,413207.5472
"15",2,1,3,3,"conv","F1100",28,0,0,68,2.9,276,5.2,344,12.28571429,8.1,5.3,10000,15283.01887,649056.6038
"16",2,1,1,1,"minimum","F2150",28,1,0.2,59,2.5,316,4.2,376,13.42857143,6.9,5.3,10000,13018.86792,709433.9623
"17",2,1,1,1,"minimum","F1100",28,0,0,77,3,266,3.5,343,12.25,6.5,5.3,10000,12264.15094,647169.8113
"18",2,1,1,1,"minimum","F3200",28,2,0.3,54,2.4,243,4,299,10.67857143,6.7,5.3,10000,12641.50943,564150.9434
"19",2,1,1,1,"minimum","F5300",28,0,0,60,3,278,4.7,338,12.07142857,7.7,5.3,10000,14528.30189,637735.8491
"20",2,1,1,1,"minimum","F4250",28,2,0.3,50,2.6,296,5.1,348,12.42857143,8,5.3,10000,15094.33962,656603.7736
"21",2,1,2,2,"minimum","F5300",28,2,0.2,37,1.7,285,4.1,324,11.57142857,6,5.3,10000,11320.75472,611320.7547
"22",2,1,2,2,"minimum","F3200",28,0,0,49,2.1,272,4.9,321,11.46428571,7,5.3,10000,13207.54717,605660.3774
"23",2,1,2,2,"minimum","F4250",28,0,0,51,2.3,220,3.6,271,9.678571429,5.9,5.3,10000,11132.07547,511320.7547
"24",2,1,2,2,"minimum","F1100",28,0,0,40,1.5,235,3.4,275,9.821428571,4.9,5.3,10000,9245.283019,518867.9245
"25",2,1,2,2,"minimum","F2150",28,1,0.2,44,2.2,251,3.6,296,10.57142857,6,5.3,10000,11320.75472,558490.566
"26",2,1,3,3,"minimum","F4250",28,0,0,51,2.3,256,4.1,307,10.96428571,6.4,5.3,10000,12075.4717,579245.283
"27",2,1,3,3,"minimum","F5300",28,2,0.3,73,3.4,264,4.5,339,12.10714286,8.2,5.3,10000,15471.69811,639622.6415
"28",2,1,3,3,"minimum","F2150",28,2,0.2,28,1.3,242,3.8,272,9.714285714,5.3,5.3,10000,10000,513207.5472
"29",2,1,3,3,"minimum","F3200",28,0,0,49,2.9,232,3.6,281,10.03571429,6.5,5.3,10000,12264.15094,530188.6792
"30",2,1,3,3,"minimum","F1100",28,0,0,29,1.3,262,4,291,10.39285714,5.3,5.3,10000,10000,549056.6038
"31",1,1,1,1,"conv","F1100",20,0,0,32,1.3,80,1,112,5.6,2.3,4.2,10000,5476.190476,266666.6667
"32",1,1,1,1,"conv","F3200",18,0,0,44,1.8,101,1.7,145,8.055555556,3.5,4.2,10000,8333.333333,345238.0952
"33",1,1,1,1,"conv","F2150",18,0,0,6,0.2,90,0.9,96,5.333333333,1.1,4.2,10000,2619.047619,228571.4286
"34",1,1,1,1,"conv","F4250",20,3,0.5,93,3.9,101,1.8,197,9.85,6.2,4.2,10000,14761.90476,469047.619
"35",1,1,1,1,"conv","F5300",19,3,0.4,25,1.2,148,2,176,9.263157895,3.6,4.2,10000,8571.428571,419047.619
"36",1,1,2,2,"conv","F1100",19,0,0,75,4.5,120,2.4,195,10.26315789,6.9,4.2,10000,16428.57143,464285.7143
"37",1,1,2,2,"conv","F3200",15,14,2.4,72,4.9,126,2.7,212,14.13333333,10,4.2,10000,23809.52381,504761.9048
"38",1,1,2,2,"conv","F2150",19,0,0,24,1,180,2.2,204,10.73684211,3.2,4.2,10000,7619.047619,485714.2857
"39",1,1,2,2,"conv","F4250",19,4,0.7,100,5.6,92,1.8,196,10.31578947,8.1,4.2,10000,19285.71429,466666.6667
"40",1,1,2,2,"conv","F5300",20,12,1.3,86,4.4,128,2.7,226,11.3,8.4,4.2,10000,20000,538095.2381
"41",1,1,3,3,"conv","F1100",15,10,1.3,98,5.4,119,1.9,227,15.13333333,8.6,4.2,10000,20476.19048,540476.1905
"42",1,1,3,3,"conv","F3200",17,14,2.1,122,7.2,115,1.5,251,14.76470588,10.8,4.2,10000,25714.28571,597619.0476
"43",1,1,2,2,"minimum","F1100",16,0,0,37,2.5,109,2,146,9.125,4.5,4.2,10000,10714.28571,347619.0476
"44",1,1,2,2,"minimum","F3200",18,6,1,108,6.7,112,1.8,226,12.55555556,9.5,4.2,10000,22619.04762,538095.2381
"45",1,1,2,2,"minimum","F2150",18,0,0,47,2.2,145,2,192,10.66666667,4.2,4.2,10000,10000,457142.8571
"46",1,1,2,2,"minimum","F4250",18,0,0,35,2.2,160,2.3,195,10.83333333,4.5,4.2,10000,10714.28571,464285.7143
"47",1,1,2,2,"minimum","F5300",17,0,0,36,1.6,56,1.7,92,5.411764706,3.3,4.2,10000,7857.142857,219047.619
"48",1,1,3,3,"minimum","F1100",20,17,2.7,104,6.1,132,2.6,253,12.65,11.4,4.2,10000,27142.85714,602380.9524
"49",1,1,3,3,"minimum","F3200",18,17,3.5,93,6.1,105,2.1,215,11.94444444,11.7,4.2,10000,27857.14286,511904.7619
"50",1,1,3,3,"minimum","F2150",18,8,1.3,101,6.5,120,2.5,229,12.72222222,10.3,4.2,10000,24523.80952,545238.0952
"51",1,1,3,3,"minimum","F5300",19,10,1.5,101,5.9,222,3.5,333,17.52631579,10.9,4.2,10000,25952.38095,792857.1429
"52",1,2,1,1,"conv","F1100",13,0,0,18,1.1,104,1.8,122,9.384615385,2.9,4.2,10000,6904.761905,290476.1905
"53",1,2,1,1,"conv","F3200",14,1,0.1,38,2.7,78,2,117,8.357142857,4.8,4.2,10000,11428.57143,278571.4286
"54",1,2,1,1,"conv","F2150",12,0,0,14,0.9,70,1.2,84,7,2.1,4.2,10000,5000,2e+05
"55",1,2,1,1,"conv","F4250",12,7,1.9,35,2.9,107,2.5,149,12.41666667,7.3,4.2,10000,17380.95238,354761.9048
"56",1,2,1,1,"conv","F5300",10,17,3.1,38,3,137,3,192,19.2,9.1,4.2,10000,21666.66667,457142.8571
"57",1,2,2,2,"conv","F1100",10,0,0,15,1.3,45,1.2,60,6,2.5,4.2,10000,5952.380952,142857.1429
"58",1,2,2,2,"conv","F3200",9,7,1,62,3.3,87,1.9,156,17.33333333,6.2,4.2,10000,14761.90476,371428.5714
"59",1,2,2,2,"conv","F2150",6,2,0.1,27,3,50,1,79,13.16666667,4.1,4.2,10000,9761.904762,188095.2381
"60",1,2,2,2,"conv","F4250",17,1,0.1,63,4,122,2.3,186,10.94117647,6.4,4.2,10000,15238.09524,442857.1429
"61",1,2,2,2,"conv","F5300",15,11,2,55,4.5,88,2,154,10.26666667,8.5,4.2,10000,20238.09524,366666.6667
"62",1,2,3,3,"conv","F1100",17,0,0,27,1.1,105,2.5,132,7.764705882,3.6,4.2,10000,8571.428571,314285.7143
"63",1,2,3,3,"conv","F3200",9,6,1.5,23,1.9,39,1.1,68,7.555555556,4.5,4.2,10000,10714.28571,161904.7619
"64",1,2,3,3,"conv","F2150",12,0,0,11,1,85,1.5,96,8,2.5,4.2,10000,5952.380952,228571.4286
"65",1,2,3,3,"conv","F4250",5,7,1,23,1.9,40,1,70,14,3.9,4.2,10000,9285.714286,166666.6667
"66",1,2,3,3,"conv","F5300",12,19,3.1,34,3,37,1.6,90,7.5,7.7,4.2,10000,18333.33333,214285.7143
"67",1,2,1,1,"minimum","F1100",15,0,0,34,2,110,2.5,144,9.6,4.5,4.2,10000,10714.28571,342857.1429
"68",1,2,1,1,"minimum","F3200",12,0,0,50,4.9,106,3.8,156,13,8.7,4.2,10000,20714.28571,371428.5714
"69",1,2,1,1,"minimum","F2150",18,0,0,16,1.1,172,3.8,188,10.44444444,4.9,4.2,10000,11666.66667,447619.0476
"70",1,2,1,1,"minimum","F4250",15,5,1,38,3,142,3,185,12.33333333,7,4.2,10000,16666.66667,440476.1905
"71",1,2,1,1,"minimum","F5300",15,0,0,63,4.1,106,2.1,169,11.26666667,6.2,4.2,10000,14761.90476,402380.9524
"72",1,2,2,2,"minimum","F1100",7,0,0,39,2.8,88,1.7,127,18.14285714,4.5,4.2,10000,10714.28571,302380.9524
"73",1,2,2,2,"minimum","F3200",13,10,1,35,2,63,1,108,8.307692308,4,4.2,10000,9523.809524,257142.8571
"74",1,2,2,2,"minimum","F2150",10,0,0,15,1,46,1,61,6.1,2,4.2,10000,4761.904762,145238.0952
"75",1,2,2,2,"minimum","F4250",14,10,2,64,5,64,1.5,138,9.857142857,8.5,4.2,10000,20238.09524,328571.4286
"76",1,2,2,2,"minimum","F5300",12,0,0,66,5.3,84,3,150,12.5,8.3,4.2,10000,19761.90476,357142.8571
"77",1,2,3,3,"minimum","F1100",11,0,0,52,4.1,64,2.8,116,10.54545455,6.9,4.2,10000,16428.57143,276190.4762
"78",1,2,3,3,"minimum","F3200",14,20,3.5,54,4.8,79,1,153,10.92857143,9.3,4.2,10000,22142.85714,364285.7143
"79",1,2,3,3,"minimum","F2150",13,0,0,72,5,54,1,126,9.692307692,6,4.2,10000,14285.71429,3e+05
"80",1,2,3,3,"minimum","F5300",12,11,2,56,4,84,2,151,12.58333333,8,4.2,10000,19047.61905,359523.8095
"81",1,2,3,3,"minimum","F4250",15,21,2,40,4.8,82,1.6,143,9.533333333,8.4,4.2,10000,20000,340476.1905
"82",2,2,1,1,"minimum","F1100",17,0,0,18,1,98,1.2,116,6.823529412,2.2,4.2,10000,5238.095238,276190.4762
"83",2,2,1,1,"minimum","F5300",17,0,0,13,0.5,84,0.9,97,5.705882353,1.4,4.2,10000,3333.333333,230952.381
"84",2,2,1,1,"minimum","F4250",10,0,0,17,0.8,92,1.3,109,10.9,2.1,4.2,10000,5000,259523.8095
"85",2,2,1,1,"minimum","F3200",17,0,0,17,1.1,87,1.4,104,6.117647059,2.5,4.2,10000,5952.380952,247619.0476
"86",2,2,1,1,"minimum","F2150",14,0,0,10,0.9,67,1.1,77,5.5,2,4.2,10000,4761.904762,183333.3333
"87",2,2,2,2,"minimum","F1100",15,0,0,11,0.5,46,1,57,3.8,1.5,4.2,10000,3571.428571,135714.2857
"88",2,2,2,2,"minimum","F5300",13,0,0,21,1,51,0.5,72,5.538461538,1.5,4.2,10000,3571.428571,171428.5714
"89",2,2,2,2,"minimum","F4250",15,0,0,31,2.1,95,2,126,8.4,4.1,4.2,10000,9761.904762,3e+05
"90",2,2,2,2,"minimum","F3200",18,0,0,20,1,87,2.1,107,5.944444444,3.1,4.2,10000,7380.952381,254761.9048
"91",2,2,2,2,"minimum","F2150",7,0,0,16,2,94,1.5,110,15.71428571,3.5,4.2,10000,8333.333333,261904.7619
"92",2,2,3,3,"minimum","F1100",15,0,0,11,0.5,50,1,61,4.066666667,1.5,4.2,10000,3571.428571,145238.0952
"93",2,2,3,3,"minimum","F2150",16,0,0,30,1,85,0.9,115,7.1875,1.9,4.2,10000,4523.809524,273809.5238
"94",2,2,3,3,"minimum","F4250",18,0,0,28,2,120,3,148,8.222222222,5,4.2,10000,11904.7619,352380.9524
"95",2,2,3,3,"minimum","F5300",12,0,0,19,0.5,48,0.5,67,5.583333333,1,4.2,10000,2380.952381,159523.8095
"96",2,2,3,3,"minimum","F3200",10,0,0,14,1,64,1.5,78,7.8,2.5,4.2,10000,5952.380952,185714.2857
"97",2,2,1,1,"conv","F1100",13,0,0,0,0,68,1,68,5.230769231,1,4.2,10000,2380.952381,161904.7619
"98",2,2,1,1,"conv","F2150",14,0,0,29,1.8,70,1.4,99,7.071428571,3.2,4.2,10000,7619.047619,235714.2857
"99",2,2,1,1,"conv","F4250",14,0,0,26,1.5,84,2,110,7.857142857,3.5,4.2,10000,8333.333333,261904.7619
"100",2,2,1,1,"conv","F5300",18,0,0,38,2.5,120,2.5,158,8.777777778,5,4.2,10000,11904.7619,376190.4762
"101",2,2,1,1,"conv","F3200",17,0,0,17,0.5,109,2,126,7.411764706,2.5,4.2,10000,5952.380952,3e+05
"102",2,2,2,2,"conv","F1100",19,0,0,34,1.9,120,2.5,154,8.105263158,4.4,4.2,10000,10476.19048,366666.6667
"103",2,2,2,2,"conv","F4250",17,0,0,24,0.9,83,2,107,6.294117647,2.9,4.2,10000,6904.761905,254761.9048
"104",2,2,2,2,"conv","F3200",19,0,0,49,1.5,130,1.2,179,9.421052632,2.7,4.2,10000,6428.571429,426190.4762
"105",2,2,2,2,"conv","F5300",17,14,2,46,1.1,87,1.5,147,8.647058824,4.6,4.2,10000,10952.38095,350000
"106",2,2,2,2,"conv","F2150",19,10,1,66,3,170,2.5,246,12.94736842,6.5,4.2,10000,15476.19048,585714.2857
"107",2,2,3,3,"conv","F1100",19,0,0,33,1,220,2.1,253,13.31578947,3.1,4.2,10000,7380.952381,602380.9524
"108",2,2,3,3,"conv","F5300",16,0,0,22,1,204,1.9,226,14.125,2.9,4.2,10000,6904.761905,538095.2381
"109",2,2,3,3,"conv","F2150",13,0,0,8,0.4,52,1.2,60,4.615384615,1.6,4.2,10000,3809.52381,142857.1429
"110",2,2,3,3,"conv","F4250",20,0,0,42,1.9,91,1.8,133,6.65,3.7,4.2,10000,8809.52381,316666.6667
"111",2,2,3,3,"conv","F3200",19,0,0,47,2.5,202,2,249,13.10526316,4.5,4.2,10000,10714.28571,592857.1429
